1733248305292 0.036903753876686096 1
1733248305295 0.024714739993214607 2
1733248305298 0.014703124761581421 3
1733248305300 0.00749795651063323 4
1733248305303 0.0045645032078027725 5
1733248305305 0.005510193295776844 6
1733248305308 0.007801109459251165 7
1733248305310 0.008055256679654121 8
1733248305312 0.0065980940125882626 9
1733248305315 0.005144928116351366 10
1733248305317 0.004345505964010954 11
1733248305320 0.004386262036859989 12
1733248305322 0.0045823147520422935 13
1733248305324 0.004814352374523878 14
1733248305326 0.004778569098562002 15
1733248305328 0.004522854927927256 16
1733248305331 0.0041850958950817585 17
